 155  61  32  32  33  90 159 162 158 158  80  36  33  32  65 163
  78  46  34  35  36  83 158 160 160 159  83  37  36  35  43  71
  33  33  34  33  33  80 158 160 163 161  84  33  33  36  35  35
  33  33  32  34  30  86 158 159 163 161  86  38  36  38  33  31
  35  34  34  33  35  84 158 164 164 164  81  37  35  38  36  37
  60  40  36  32  34  88 162 166 163 162  97  57  57  55  54  55
 156  66  32  33  34  75 159 162 162 163 164 164 167 168 169 168
 162  69  35  36  37  64 158 165 162 164 166 167 167 172 170 172
 162  70  37  34  34  66 156 165 166 167 169 168 168 170 170 171
 161  70  37  40  38  64 158 165 165 167 166 168 170 171 171 169
 163 143 128 126 123 129 162 166 166 167 167 167 169 171 154  90
 164 165 164 163 163 163 165 164 167 166 167 169 168 170 146  47
 167 165 166 166 165 166 165 166 167 167 168 169 167 169 149  44
 167 166 165 166 163 164 164 166 167 166 168 168 167 167 148  50
 167 167 164 167 166 165 165 168 168 164 169 171 167 170 155  76
 166 168 166 167 169 169 167 168 169 167 170 168 167 169 167 167
 144  51  24  26  27  83 148 149 151 152  68  28  28  30  60 153
  67  39  26  28  28  73 148 152 153 151  75  28  27  28  37  61
  27  27  28  27  27  73 149 153 153 151  75  30  27  27  30  31
  26  26  25  26  28  79 151 153 153 150  76  29  27  25  29  30
  29  27  27  28  31  77 149 153 153 151  73  31  27  29  31  30
  55  34  29  27  28  78 149 153 156 153  93  51  51  48  48  49
 148  56  27  25  29  63 149 154 155 155 154 154 156 160 159 158
 150  58  29  27  26  49 148 153 154 157 155 156 157 159 159 159
 150  60  32  27  29  54 149 152 154 156 156 156 156 158 159 160
 150  59  32  32  31  57 151 154 154 156 156 157 156 161 159 159
 154 133 121 117 112 120 153 155 155 157 156 158 158 159 145  84
 156 155 153 154 153 153 155 155 156 156 157 156 157 158 140  44
 156 155 153 155 154 154 154 154 155 157 157 157 157 159 143  39
 154 154 155 156 154 155 154 155 156 155 156 158 158 158 139  47
 157 155 154 156 155 154 156 156 156 157 156 157 158 158 144  69
 155 156 156 156 154 156 156 155 157 157 159 158 158 158 159 160
 148  60  28  28  33  91 153 156 155 156  73  30  32  32  67 155
  74  43  26  28  33  80 149 161 158 157  76  33  34  33  41  66
  31  32  33  31  31  80 155 159 156 155  76  33  28  34  36  38
  29  28  28  32  29  90 154 157 157 151  83  35  32  31  33  31
  31  26  32  30  32  81 149 157 157 153  76  36  33  38  35  35
  61  36  36  30  29  81 156 162 162 157  98  60  59  57  56  57
 156  62  32  29  33  67 156 163 162 163 159 161 161 165 164 164
 158  63  32  32  34  56 153 161 158 158 161 159 157 165 167 165
 157  67  36  32  34  60 152 157 158 161 163 158 161 163 163 164
 156  65  34  36  34  62 153 160 163 163 164 163 163 166 167 165
 157 137 126 122 116 127 157 164 163 162 162 160 163 165 148  89
 159 158 160 160 158 158 158 159 158 163 163 162 163 163 145  50
 160 158 161 158 159 161 158 160 162 163 163 165 161 165 145  41
 158 159 161 162 157 160 158 159 160 159 162 165 160 163 141  51
 161 162 156 166 160 157 161 161 163 165 163 164 161 162 148  73
 160 162 162 161 162 160 159 158 164 165 165 166 161 163 163 166

 163  71  35  31  37  55 168 172 171 169  90  47  44  50  76 167
  65  43  35  33  36  54 169 170 170 171 154 146 149 148 155 167
  32  35  36  38  38  55 168 172 170 171 171 170 169 167 170 169
  33  36  33  36  35  57 167 167 168 170 169 168 167 167 167 167
  36  37  33  38  37  57 164 167 168 168 167 169 169 168 171 168
  80  83  84  86  81  97 164 166 169 166 167 167 168 168 169 170
 158 159 161 161 164 162 163 164 167 167 167 166 167 166 164 167
 158 160 163 163 164 163 162 162 166 165 166 167 167 167 168 169
 162 160 160 159 164 166 162 165 165 165 166 164 166 166 168 168
 159 158 158 158 158 162 159 158 156 158 162 165 165 164 165 167
  90  83  80  86  84  88  75  64  66  64 129 163 166 164 165 169
  33  36  33  30  35  34  34  37  34  38 123 163 165 163 166 169
  32  35  33  34  33  32  33  36  34  40 126 163 166 166 167 167
  32  34  34  32  34  36  32  35  37  37 128 164 166 165 164 166
  61  46  33  33  34  40  66  69  70  70 143 165 165 166 167 168
 155  78  33  33  35  60 156 162 162 161 163 164 167 167 167 166
 153  61  31  30  30  49 158 159 160 159  84  44  39  47  69 160
  60  37  30  29  31  48 159 159 159 159 145 140 143 139 144 159
  30  28  27  25  29  48 160 159 158 161 159 158 159 158 158 158
  28  27  27  27  27  51 156 157 156 156 158 157 157 158 158 158
  28  28  30  29  31  51 154 156 156 157 158 156 157 158 157 158
  68  75  75  76  73  93 154 155 156 156 156 157 157 156 156 159
 152 151 151 150 151 153 155 157 156 156 157 156 157 155 157 157
 151 153 153 153 153 156 155 154 154 154 155 156 155 156 156 157
 149 152 153 153 153 153 154 153 152 154 155 155 154 155 156 155
 148 148 149 151 149 149 149 148 149 151 153 155 154 154 156 156
  83  73  73  79  77  78  63  49  54  57 120 153 154 155 154 156
  27  28  27  28  31  28  29  26  29  31 112 153 154 154 155 154
  26  28  27  26  28  27  25  27  27  32 117 154 155 156 156 156
  24  26  28  25  27  29  27  29  32  32 121 153 153 155 154 156
  51  39  27  26  27  34  56  58  60  59 133 155 155 154 155 156
 144  67  27  26  29  55 148 150 150 150 154 156 156 154 157 155
 155  66  38  31  35  57 164 165 164 165  89  50  41  51  73 166
  67  41  36  33  35  56 164 167 163 167 148 145 145 141 148 163
  32  33  34  31  38  57 165 165 163 166 165 163 165 163 162 163
  32  34  28  32  33  59 161 157 161 163 163 163 161 160 161 161
  30  33  33  35  36  60 161 159 158 163 160 162 165 165 164 166
  73  76  76  83  76  98 159 161 163 164 162 163 163 162 163 165
 156 157 155 151 153 157 163 158 161 163 162 163 163 159 165 165
 155 158 156 157 157 162 162 158 158 163 163 158 162 160 163 164
 156 161 159 157 157 162 163 161 157 160 164 159 160 159 161 158
 153 149 155 154 149 156 156 153 152 153 157 158 158 158 161 159
  91  80  80  90  81  81  67  56  60  62 127 158 161 160 157 160
  33  33  31  29  32  29  33  34  34  34 116 158 159 157 160 162
  28  28  31  32  30  30  29  32  32  36 122 160 158 162 166 161
  28  26  33  28  32  36  32  32  36  34 126 160 161 161 156 162
  60  43  32  28  26  36  62  63  67  65 137 158 158 159 162 162
 148  74  31  29  31  61 156 158 157 156 157 159 160 158 161 160

 167 167 169 167 168 170 167 169 168 167 169 169 167 166 168 166
  76 155 170 167 171 169 164 168 168 165 165 166 167 164 167 167
  50 148 167 167 168 168 166 167 166 164 164 163 166 165 166 167
  44 149 169 167 169 168 167 167 166 165 166 165 166 166 165 167
  47 146 170 168 169 167 166 167 164 165 163 163 163 164 165 164
  90 154 171 169 167 167 167 166 166 162 129 123 126 128 143 163
 169 171 171 170 168 166 167 165 165 158  64  38  40  37  70 161
 171 170 170 168 168 169 167 166 165 156  66  34  34  37  70 162
 172 170 172 167 167 166 164 162 165 158  64  37  36  35  69 162
 168 169 168 167 164 164 163 162 162 159  75  34  33  32  66 156
  55  54  55  57  57  97 162 163 166 162  88  34  32  36  40  60
  37  36  38  35  37  81 164 164 164 158  84  35  33  34  34  35
  31  33  38  36  38  86 161 163 159 158  86  30  34  32  33  33
  35  35  36  33  33  84 161 163 160 158  80  33  33  34  33  33
  71  43  35  36  37  83 159 160 160 158  83  36  35  34  46  78
 163  65  32  33  36  80 158 158 162 159  90  33  32  32  61 155
 160 159 158 158 158 159 157 157 155 156 156 154 156 156 156 155
  69 144 158 158 157 156 157 156 156 156 154 155 156 154 155 157
  47 139 158 158 158 156 155 156 155 154 155 154 156 155 154 154
  39 143 159 157 157 157 157 155 154 154 154 154 155 153 155 156
  44 140 158 157 156 157 156 156 155 155 153 153 154 153 155 156
  84 145 159 158 158 156 157 155 155 153 120 112 117 121 133 154
 159 159 161 156 157 156 156 154 154 151  57  31  32  32  59 150
 160 159 158 156 156 156 156 154 152 149  54  29  27  32  60 150
 159 159 159 157 156 155 157 154 153 148  49  26  27  29  58 150
 158 159 160 156 154 154 155 155 154 149  63  29  25  27  56 148
  49  48  48  51  51  93 153 156 153 149  78  28  27  29  34  55
  30  31  29  27  31  73 151 153 153 149  77  31  28  27  27  29
  30  29  25  27  29  76 150 153 153 151  79  28  26  25  26  26
  31  30  27  27  30  75 151 153 153 149  73  27  27  28  27  27
  61  37  28  27  28  75 151 153 152 148  73  28  28  26  39  67
 153  60  30  28  28  68 152 151 149 148  83  27  26  24  51 144
 166 163 163 161 166 165 165 164 158 159 160 162 161 162 162 160
  73 148 162 161 164 163 165 163 161 161 157 160 166 156 162 161
  51 141 163 160 165 162 159 160 159 158 160 157 162 161 159 158
  41 145 165 161 165 163 163 162 160 158 161 159 158 161 158 160
  50 145 163 163 162 163 163 158 159 158 158 158 160 160 158 159
  89 148 165 163 160 162 162 163 164 157 127 116 122 126 137 157
 165 167 166 163 163 164 163 163 160 153  62  34  36  34  65 156
 164 163 163 161 158 163 161 158 157 152  60  34  32  36  67 157
 165 167 165 157 159 161 158 158 161 153  56  34  32  32  63 158
 164 164 165 161 161 159 163 162 163 156  67  33  29  32  62 156
  57  56  57  59  60  98 157 162 162 156  81  29  30  36  36  61
  35  35  38  33  36  76 153 157 157 149  81  32  30  32  26  31
  31  33  31  32  35  83 151 157 157 154  90  29  32  28  28  29
  38  36  34  28  33  76 155 156 159 155  80  31  31  33  32  31
  66  41  33  34  33  76 157 158 161 149  80  33  28  26  43  74
 155  67  32  32  30  73 156 155 156 153  91  33  28  28  60 148

 166 167 167 167 164 163 161 162 162 156  60  35  33  33  78 155
 168 167 166 165 165 143  70  70  69  66  40  34  33  33  46  61
 166 164 165 166 164 128  37  37  35  32  36  34  32  34  34  32
 167 167 166 166 163 126  40  34  36  33  32  33  34  33  35  32
 169 166 163 165 163 123  38  34  37  34  34  35  30  33  36  33
 169 165 164 166 163 129  64  66  64  75  88  84  86  80  83  90
 167 165 164 165 165 162 158 156 158 159 162 158 158 158 158 159
 168 168 166 166 164 166 165 165 165 162 166 164 159 160 160 162
 169 168 167 167 167 166 165 166 162 162 163 164 163 163 160 158
 167 164 166 167 166 167 167 167 164 163 162 164 161 161 159 158
 170 169 168 168 167 167 166 169 166 164  97  81  86  84  83  80
 168 171 168 169 169 167 168 168 167 164  57  37  38  33  37  36
 167 167 167 167 168 169 170 168 167 167  57  35  36  33  36  33
 169 170 167 169 170 171 171 170 172 168  55  38  38  36  35  32
 167 155 148 149 146 154 171 170 170 169  54  36  33  35  43  65
 167  76  50  44  47  90 169 171 172 168  55  37  31  35  71 163
 155 157 154 156 156 154 150 150 150 148  55  29  26  27  67 144
 156 155 154 155 155 133  59  60  58  56  34  27  26  27  39  51
 156 154 155 153 153 121  32  32  29  27  29  27  25  28  26  24
 156 156 156 155 154 117  32  27  27  25  27  28  26  27  28  26
 154 155 154 154 153 112  31  29  26  29  28  31  28  27  28  27
 156 154 155 154 153 120  57  54  49  63  78  77  79  73  73  83
 156 156 154 154 155 153 151 149 148 149 149 149 151 149 148 148
 155 156 155 154 155 155 154 152 153 154 153 153 153 153 152 149
 157 156 156 155 156 155 154 154 154 155 156 153 153 153 153 151
 157 157 155 157 156 157 156 156 157 155 153 151 150 151 151 152
 159 156 156 157 157 156 156 156 155 154  93  73  76  75  75  68
 158 157 158 157 156 158 157 156 156 154  51  31  29  30  28  28
 158 158 158 157 157 158 156 156 157 156  51  27  27  27  27  28
 158 158 158 159 158 159 161 158 159 160  48  29  25  27  28  30
 159 144 139 143 140 145 159 159 159 159  48  31  29  30  37  60
 160  69  47  39  44  84 159 160 159 158  49  30  30  31  61 153
 160 161 158 160 159 157 156 157 158 156  61  31  29  31  74 148
 162 162 159 158 158 137  65  67  63  62  36  26  28  32  43  60
 162 156 161 161 160 126  34  36  32  32  36  32  28  33  26  28
 161 166 162 158 160 122  36  32  32  29  30  30  32  31  28  28
 162 160 157 159 158 116  34  34  34  33  29  32  29  31  33  33
 160 157 160 161 158 127  62  60  56  67  81  81  90  80  80  91
 159 161 158 158 158 157 153 152 153 156 156 149 154 155 149 153
 158 161 159 160 159 164 160 157 161 163 162 157 157 159 161 156
 164 163 160 162 158 163 163 158 158 162 162 157 157 156 158 155
 165 165 159 163 163 162 163 161 158 163 157 153 151 155 157 156
 165 163 162 163 163 162 164 163 161 159  98  76  83  76  76  73
 166 164 165 165 162 160 163 158 159 161  60  36  35  33  33  30
 161 161 160 161 163 163 163 161 157 161  59  33  32  28  34  32
 163 162 163 165 163 165 166 163 165 165  57  38  31  34  33  32
 163 148 141 145 145 148 167 163 167 164  56  35  33  36  41  67
 166  73  51  41  50  89 165 164 165 164  57  35  31  38  66 155

