 188  83  56  55  57 103 190 190 185 179  82  48  46  43  82 176
 192 182 182 181 178 186 192 190 187 184  81  47  40  39  57  91
 193 190 192 190 188 188 189 190 187 185  93  47  44  42  40  41
 196 192 188 189 191 190 187 187 186 181  90  47  46  47  45  39
 195 191 191 189 192 192 190 190 189 183  87  48  44  48  46  48
 193 194 194 190 194 195 192 190 191 186 114  81  88  86  84  87
 196 195 194 190 192 196 193 194 190 187 183 181 180 182 178 176
 192 193 194 195 194 195 195 194 188 186 186 184 181 178 180 178
 190 195 195 196 195 193 194 195 189 186 187 182 183 180 182 181
 191 194 196 196 193 192 195 195 188 191 187 185 185 185 182 180
 101 173 193 196 193 193 194 193 194 189 185 187 187 182 168  97
  48 159 193 192 193 192 193 192 191 188 186 184 184 184 161  56
  50 163 196 196 191 192 195 193 190 188 189 184 179 183 158  50
  52 161 195 196 191 196 197 195 191 188 189 188 186 185 157  51
  93 170 196 195 193 197 196 196 193 189 189 190 188 186 166  86
 195 196 198 193 195 198 196 195 192 189 190 190 186 184 183 184
 179  72  45  41  49  90 176 173 172 170  72  34  39  38  77 167
 181 169 171 170 167 171 177 174 174 171  71  32  36  35  50  86
 181 180 179 179 175 178 177 174 171 170  80  35  36  34  36  35
 183 182 179 180 179 179 179 177 173 170  82  41  35  33  34  33
 182 181 180 179 179 180 179 175 175 174  81  41  39  39  37  37
 179 179 180 180 179 178 178 178 177 176 106  77  84  79  76  78
 179 181 182 181 180 181 180 176 177 177 174 172 170 171 171 169
 181 181 183 182 182 181 179 179 177 176 174 173 173 171 174 172
 182 183 181 178 182 182 177 179 176 175 177 172 175 173 174 172
 178 182 181 181 180 181 181 179 177 174 176 172 173 172 170 171
  94 163 181 183 183 181 181 180 178 176 175 173 173 173 158  86
  49 153 183 182 183 179 181 178 179 176 177 173 175 172 149  38
  47 158 181 181 183 181 180 180 180 177 176 174 174 174 149  40
  49 152 182 185 181 180 179 179 179 177 176 173 171 171 148  41
  83 158 183 184 182 182 181 179 179 178 178 177 177 174 155  76
 183 184 181 182 181 182 181 179 181 175 176 175 176 173 173 172
 184  89  64  54  60 104 184 183 177 175  78  41  46  42  89 176
 189 176 179 183 181 184 184 183 181 181  87  45  37  38  59  96
 187 185 183 189 188 186 188 183 182 182  96  42  42  39  42  42
 188 187 179 187 188 186 186 183 182 183  93  50  45  42  48  38
 189 190 187 188 188 184 186 184 191 184  91  51  49  51  53  45
 189 187 188 188 187 187 186 185 183 184 111  84  92  90  89  85
 183 189 187 187 187 189 189 188 182 183 181 182 179 179 177 175
 186 185 187 187 189 190 189 188 183 182 185 184 183 181 178 173
 189 189 187 188 186 190 189 189 186 182 185 180 184 180 176 180
 186 189 188 188 186 187 190 188 186 186 184 183 181 183 175 177
 102 169 186 191 193 189 191 192 191 187 186 185 182 177 162  95
  55 159 195 192 192 192 189 189 189 185 186 178 181 180 158  49
  52 163 193 191 192 188 193 193 189 187 183 180 181 180 159  50
  62 163 188 194 192 188 187 189 187 185 184 179 173 173 155  49
  96 167 189 189 194 193 190 186 190 189 188 185 181 180 164  83
 189 189 185 188 191 188 190 189 189 181 187 183 180 180 183 177

 176  91  41  39  48  87 176 178 181 180  97  56  50  51  86 184
  82  57  40  45  46  84 178 180 182 182 168 161 158 157 166 183
  43  39  42  47  48  86 182 178 180 185 182 184 183 185 186 184
  46  40  44  46  44  88 180 181 183 185 187 184 179 186 188 186
  48  47  47  47  48  81 181 184 182 185 187 184 184 188 190 190
  82  81  93  90  87 114 183 186 187 187 185 186 189 189 189 190
 179 184 185 181 183 186 187 186 186 191 189 188 188 188 189 189
 185 187 187 186 189 191 190 188 189 188 194 191 190 191 193 192
 190 190 190 187 190 190 194 194 195 195 193 192 193 195 196 195
 190 192 189 187 190 192 193 195 194 195 194 193 195 197 196 196
 103 186 188 190 192 195 196 195 193 192 193 192 192 196 197 198
  57 178 188 191 192 194 192 194 195 193 193 193 191 191 193 195
  55 181 190 189 189 190 190 195 196 196 196 192 196 196 195 193
  56 182 192 188 191 194 194 194 195 196 193 193 196 195 196 198
  83 182 190 192 191 194 195 193 195 194 173 159 163 161 170 196
 188 192 193 196 195 193 196 192 190 191 101  48  50  52  93 195
 167  86  35  33  37  78 169 172 172 171  86  38  40  41  76 172
  77  50  36  34  37  76 171 174 174 170 158 149 149 148 155 173
  38  35  34  33  39  79 171 171 173 172 173 172 174 171 174 173
  39  36  36  35  39  84 170 173 175 173 173 175 174 171 177 176
  34  32  35  41  41  77 172 173 172 172 173 173 174 173 177 175
  72  71  80  82  81 106 174 174 177 176 175 177 176 176 178 176
 170 171 170 170 174 176 177 176 175 174 176 176 177 177 178 175
 172 174 171 173 175 177 177 177 176 177 178 179 180 179 179 181
 173 174 174 177 175 178 176 179 179 179 180 178 180 179 179 179
 176 177 177 179 179 178 180 179 177 181 181 181 180 179 181 181
  90 171 178 179 180 178 181 181 182 181 181 179 181 180 182 182
  49 167 175 179 179 179 180 182 182 180 183 183 183 181 182 181
  41 170 179 180 179 180 181 182 178 181 183 182 181 185 184 182
  45 171 179 179 180 180 182 183 181 181 181 183 181 182 183 181
  72 169 180 182 181 179 181 181 183 182 163 153 158 152 158 184
 179 181 181 183 182 179 179 181 182 178  94  49  47  49  83 183
 176  96  42  38  45  85 175 173 180 177  95  49  50  49  83 177
  89  59  42  48  53  89 177 178 176 175 162 158 159 155 164 183
  42  38  39  42  51  90 179 181 180 183 177 180 180 173 180 180
  46  37  42  45  49  92 179 183 184 181 182 181 181 173 181 180
  41  45  42  50  51  84 182 184 180 183 185 178 180 179 185 183
  78  87  96  93  91 111 181 185 185 184 186 186 183 184 188 187
 175 181 182 183 184 184 183 182 182 186 187 185 187 185 189 181
 177 181 182 182 191 183 182 183 186 186 191 189 189 187 190 189
 183 183 183 183 184 185 188 188 189 188 192 189 193 189 186 189
 184 184 188 186 186 186 189 189 189 190 191 189 193 187 190 190
 104 184 186 186 184 187 189 190 190 187 189 192 188 188 193 188
  60 181 188 188 188 187 187 189 186 186 193 192 192 192 194 191
  54 183 189 187 188 188 187 187 188 188 191 192 191 194 189 188
  64 179 183 179 187 188 187 187 187 188 186 195 193 188 189 185
  89 176 185 187 190 187 189 185 189 189 169 159 163 163 167 189
 184 189 187 188 189 189 183 186 189 186 102  55  52  62  96 189

 184 183 184 186 190 190 189 192 195 196 198 195 193 198 196 195
  86 166 186 188 190 189 189 193 196 196 197 193 195 196 170  93
  51 157 185 186 188 189 188 191 195 197 196 191 196 195 161  52
  50 158 183 179 184 189 188 190 193 195 192 191 196 196 163  50
  56 161 184 184 184 186 188 191 192 193 192 193 192 193 159  48
  97 168 182 187 187 185 189 194 193 194 193 193 196 193 173 101
 180 182 185 185 185 187 191 188 195 195 192 193 196 196 194 191
 181 182 180 183 182 187 186 189 195 194 193 195 196 195 195 190
 178 180 178 181 184 186 186 188 194 195 195 194 195 194 193 192
 176 178 182 180 181 183 187 190 194 193 196 192 190 194 195 196
  87  84  86  88  81 114 186 191 190 192 195 194 190 194 194 193
  48  46  48  44  48  87 183 189 190 190 192 192 189 191 191 195
  39  45  47  46  47  90 181 186 187 187 190 191 189 188 192 196
  41  40  42  44  47  93 185 187 190 189 188 188 190 192 190 193
  91  57  39  40  47  81 184 187 190 192 186 178 181 182 182 192
 176  82  43  46  48  82 179 185 190 190 103  57  55  56  83 188
 172 173 173 176 175 176 175 181 179 181 182 181 182 181 184 183
  76 155 174 177 177 178 178 179 179 181 182 182 184 183 158  83
  41 148 171 171 173 176 177 179 179 179 180 181 185 182 152  49
  40 149 174 174 174 176 177 180 180 180 181 183 181 181 158  47
  38 149 172 175 173 177 176 179 178 181 179 183 182 183 153  49
  86 158 173 173 173 175 176 178 180 181 181 183 183 181 163  94
 171 170 172 173 172 176 174 177 179 181 181 180 181 181 182 178
 172 174 173 175 172 177 175 176 179 177 182 182 178 181 183 182
 172 174 171 173 173 174 176 177 179 179 181 182 182 183 181 181
 169 171 171 170 172 174 177 177 176 180 181 180 181 182 181 179
  78  76  79  84  77 106 176 177 178 178 178 179 180 180 179 179
  37  37  39  39  41  81 174 175 175 179 180 179 179 180 181 182
  33  34  33  35  41  82 170 173 177 179 179 179 180 179 182 183
  35  36  34  36  35  80 170 171 174 177 178 175 179 179 180 181
  86  50  35  36  32  71 171 174 174 177 171 167 170 171 169 181
 167  77  38  39  34  72 170 172 173 176  90  49  41  45  72 179
 177 183 180 180 183 187 181 189 189 190 188 191 188 185 189 189
  83 164 180 181 185 188 189 190 186 190 193 194 189 189 167  96
  49 155 173 173 179 184 185 187 189 187 188 192 194 188 163  62
  50 159 180 181 180 183 187 189 193 193 188 192 191 193 163  52
  49 158 180 181 178 186 185 189 189 189 192 192 192 195 159  55
  95 162 177 182 185 186 187 191 192 191 189 193 191 186 169 102
 177 175 183 181 183 184 186 186 188 190 187 186 188 188 189 186
 180 176 180 184 180 185 182 186 189 189 190 186 188 187 189 189
 173 178 181 183 184 185 182 183 188 189 190 189 187 187 185 186
 175 177 179 179 182 181 183 182 188 189 189 187 187 187 189 183
  85  89  90  92  84 111 184 183 185 186 187 187 188 188 187 189
  45  53  51  49  51  91 184 191 184 186 184 188 188 187 190 189
  38  48  42  45  50  93 183 182 183 186 186 188 187 179 187 188
  42  42  39  42  42  96 182 182 183 188 186 188 189 183 185 187
  96  59  38  37  45  87 181 181 183 184 184 181 183 179 176 189
 176  89  42  46  41  78 175 177 183 184 104  60  54  64  89 184

 195  93  52  50  48 101 191 190 192 196 193 195 196 193 192 188
 196 170 161 163 159 173 194 195 193 195 194 191 192 190 182  83
 198 196 195 196 193 193 196 195 194 194 194 191 188 192 182  56
 193 195 196 196 192 196 196 196 195 190 190 189 189 190 181  55
 195 193 191 191 193 193 193 195 194 192 194 192 191 188 178  57
 198 197 196 192 192 193 192 193 195 196 195 192 190 188 186 103
 196 196 197 195 193 194 195 194 195 193 192 190 187 189 192 190
 195 196 195 193 192 193 195 195 194 194 190 190 187 190 190 190
 192 193 191 190 191 194 188 189 188 190 191 189 186 187 187 185
 189 189 188 188 188 189 191 186 186 187 186 183 181 185 184 179
 190 189 189 189 186 185 187 187 186 183 114  87  90  93  81  82
 190 190 188 184 184 187 185 182 184 181  81  48  47  47  47  48
 186 188 186 179 184 187 185 183 181 180  88  44  46  44  40  46
 184 186 185 183 184 182 185 180 178 182  86  48  47  42  39  43
 183 166 157 158 161 168 182 182 180 178  84  46  45  40  57  82
 184  86  51  50  56  97 180 181 178 176  87  48  39  41  91 176
 183  83  49  47  49  94 178 182 181 179 179 182 183 181 181 179
 184 158 152 158 153 163 182 183 181 181 179 181 182 180 169  72
 181 183 182 181 183 181 181 181 183 182 180 180 179 179 171  45
 182 184 185 181 182 183 181 178 182 181 180 179 180 179 170  41
 181 182 181 183 183 183 180 182 182 180 179 179 179 175 167  49
 182 182 180 181 179 181 181 182 181 181 178 180 179 178 171  90
 181 181 179 180 181 181 181 177 179 180 178 179 179 177 177 176
 179 179 179 180 178 180 179 179 179 176 178 175 177 174 174 173
 181 179 179 180 179 178 177 176 177 177 177 175 173 171 174 172
 175 178 177 177 176 176 174 175 176 177 176 174 170 170 171 170
 176 178 176 176 177 175 176 177 174 174 106  81  82  80  71  72
 175 177 173 174 173 173 172 172 173 172  77  41  41  35  32  34
 176 177 171 174 175 173 173 175 173 170  84  39  35  36  36  39
 173 174 171 174 172 173 172 173 171 171  79  39  33  34  35  38
 173 155 148 149 149 158 170 174 174 171  76  37  34  36  50  77
 172  76  41  40  38  86 171 172 172 169  78  37  33  35  86 167
 189  96  62  52  55 102 186 189 186 183 189 189 188 187 189 184
 189 167 163 163 159 169 189 189 185 189 187 190 187 185 176  89
 185 189 188 193 195 186 188 187 187 187 188 187 179 183 179  64
 188 189 194 191 192 191 188 188 187 187 188 188 187 189 183  54
 191 194 192 192 192 193 186 186 189 187 187 188 188 188 181  60
 188 193 188 188 192 189 187 190 190 189 187 184 186 186 184 104
 190 190 187 193 189 191 190 189 189 189 186 186 186 188 184 184
 189 186 189 193 189 192 188 189 188 188 185 184 183 183 183 183
 189 190 187 189 189 191 186 186 183 182 183 191 182 182 181 177
 181 189 185 187 185 187 186 182 182 183 184 184 183 182 181 175
 187 188 184 183 186 186 184 185 185 181 111  91  93  96  87  78
 183 185 179 180 178 185 183 180 184 182  84  51  50  42  45  41
 180 181 173 181 181 182 181 184 183 179  92  49  45  42  37  46
 180 180 173 180 180 177 183 180 181 179  90  51  42  39  38  42
 183 164 155 159 158 162 175 176 178 177  89  53  48  42  59  89
 177  83  49  50  49  95 177 180 173 175  85  45  38  42  96 176

